Positionsachse	 Global	
Werteachse	Global	
x(mm)	y(mm)	z(mm)	Wert(MPa)	
0	148,742	15,3671	47,2972	
0	179,05	0	27,0711	
12	178	0	28,6437	
12	142	0	25,4315	
8	141,65	0	30,1638	
8	149,155	14,8025	41,7608	
-8	149,155	14,8025	38,3769	
-8	141,65	0	30,8817	
-12	142	0	24,9123	
-12	178	0	28,5545	
0	148,742	-15,3671	47,5195	
8	149,155	-14,8025	39,2893	
12	171	0	21,8986	
12	149	0	31,3128	
0	129,613	9,84088	98,8289	
8	129,564	9,14268	102,193	
-8	149,155	-14,8025	42,8344	
-12	171	0	21,9811	
-12	149	0	33,4996	
-8	129,564	9,14268	102,549	
0	129,613	-9,84088	97,451	
8	129,564	-9,14268	99,3489	
8	171	0	20,6468	
8	149	0	34,2783	
0	149	0	37,8569	
-8	149	0	36,4917	
-8	171	0	20,7187	
0	171	0	19,2636	
12	29	0	29,9734	
12	-4,66356e-015	29	5,5357	
8	-3,3884e-013	30,0718	5,54807	
8	30,0718	0	37,0485	
8	-3,3884e-013	-30,0718	5,34645	
12	1,77574e-015	-29	5,25218	
8	26,1498	-33	1,66543	
0	24,0736	-41	0,492885	
8	53,9243	-14,4319	83,5444	
0	53,9731	-15,1301	85,513	
0	28,3528	-30,5	5,07229	
2,63275	27,1698	-32,0617	2,18675	
0	25,3934	-36,5	0,808509	
8	53,9243	14,4319	84,2184	
0	53,9731	15,1301	86,6722	
0	24,0736	41	0,513656	
0	25,3934	36,5	0,951019	
2,63275	27,1698	32,0617	2,10183	
0	28,3528	30,5	4,42074	
8	26,1498	33	2,02883	
6,2563	36,1811	-5,19814	35,0972	
4,68676	41,9416	-11,2423	55,2827	
8	41,9659	-11,5897	54,6117	
8	35,9997	-5,17207	31,6582	
8	36,3694	0	34,555	
8	35,9997	5,17207	30,8619	
6,2563	36,1811	5,19814	37,7246	
6,10288	36,5688	0	41,1427	
8	41,9659	11,5897	54,0762	
4,68676	41,9416	11,2423	54,7793	
2,89547	120,719	5,54491	107,293	
4,86866	134,485	4,79026	75,7856	
2,89547	55,0694	10,1356	86,397	
8	134,508	5,11857	81,8815	
8	139,281	0	36,7654	
8	134,508	-5,11857	79,0444	
4,86866	134,485	-4,79026	78,3143	
6,10288	139,081	0	35,868	
2,89547	55,0694	-10,1356	84,5599	
2,89547	120,719	-5,54491	106,518	
-8	129,564	-9,14268	99,9955	
-8	30,0718	0	37,4188	
-12	29	0	30,2866	
-8	-3,3884e-013	30,0718	5,14186	
-12	-4,66356e-015	29	5,1319	
-12	1,77574e-015	-29	5,55635	
-8	-7,01661e-014	-30,0718	5,47981	
-2,63275	27,1698	-32,0617	2,39972	
-8	53,9243	-14,4319	84,56	
-8	26,1498	-33	1,80825	
-8	53,9243	14,4319	85,15	
-8	26,1498	33	1,72224	
-2,63275	27,1698	32,0617	1,85111	
-4,86866	134,485	4,79026	75,4189	
-8	134,508	5,11857	80,998	
-8	41,9659	11,5897	51,9315	
-4,68676	41,9416	11,2423	54,516	
-2,89547	55,0694	10,1356	85,0305	
-2,89547	120,719	5,54491	106,338	
-6,10288	139,081	0	31,482	
-4,86866	134,485	-4,79026	80,613	
-8	134,508	-5,11857	85,757	
-8	139,281	0	33,1885	
-2,89547	120,719	-5,54491	107,549	
-2,89547	55,0694	-10,1356	85,3263	
-4,68676	41,9416	-11,2423	56,2166	
-8	41,9659	-11,5897	53,5409	
-6,2563	36,1811	-5,19814	35,0694	
-8	35,9997	-5,17207	32,0217	
-6,10288	36,5688	0	42,327	
-6,2563	36,1811	5,19814	36,5245	
-8	35,9997	5,17207	30,9047	
-8	36,3694	0	35,3131	
0	0	-36,5	4,65836	
2,63275	-8,52096e-015	-32,0617	5,14801	
0	0	-30,5	5,31139	
2,63275	-8,52096e-015	32,0617	5,21464	
0	0	36,5	4,70928	
0	0	30,5	5,5541	
5,42943	36,8016	-5,33958	43,4312	
3,82785	41,6043	-10,2502	52,0047	
5,27287	37,2074	0	52,8189	
5,42943	36,8016	5,33958	44,2399	
3,82785	41,6043	10,2502	51,7328	
2	55	9,14351	87,5645	
2	120,65	4,55281	107,843	
4,01346	134,696	3,79816	65,174	
4,01346	134,696	-3,79816	64,386	
5,27287	138,443	0	46,3524	
2	120,65	-4,55281	108,22	
2	55	-9,14351	85,1835	
-2,63275	-8,52096e-015	-32,0617	5,07918	
-2,63275	-8,52096e-015	32,0617	5,16629	
-2	120,65	4,55281	108,441	
-4,01346	134,696	3,79816	64,6959	
-2	55	9,14351	85,4377	
-3,82785	41,6043	10,2502	51,9626	
-5,27287	138,443	0	44,1818	
-4,01346	134,696	-3,79816	61,7421	
-3,82785	41,6043	-10,2502	52,8299	
-2	55	-9,14351	84,2683	
-2	120,65	-4,55281	108,327	
-5,42943	36,8016	-5,33958	42,6698	
-5,27287	37,2074	0	51,28	
-5,42943	36,8016	5,33958	43,0807	
3,51033	1,41553e-015	-35,4177	4,90278	
-3,51033	1,41553e-015	-35,4177	4,88297	
3,51033	1,41553e-015	35,4177	4,96982	
-3,51033	1,41553e-015	35,4177	4,86824	
2	55	0	87,5711	
2	120,65	0	110,543	
-2	120,65	0	110,678	
-2	55	0	87,2075	
0	-29	29,5	2,68747	
-4,38791	-30	35,8971	0,852124	
0	-29	37,5	0,76694	
4,38791	-30	35,8971	0,827879	
-12	-29	0	6,03972	
-8	-30,0718	0	5,92849	
8	-30,0718	0	5,97196	
12	-29	0	5,9608	
4,38791	-30	-35,8971	0,936129	
0	-29	-29,5	2,54385	
0	-29	-37,5	0,860762	
-3,51033	-29	-35,4177	0,918038	
0	-30	41	0,506155	
8	-30	33	1,18383	
8	-30	19,8997	5,27033	
0	-30	19,8997	5,42906	
-8	-30	19,8997	5,25745	
-8	-30	33	1,13869	
0	-36	0	6,00863	
8	-36	0	5,79204	
-8	-36	0	5,77707	
8	-30	-19,8997	5,563	
0	-30	-19,8997	5,31201	
-8	-30	-19,8997	5,57214	
0	-30	-41	0,599967	
-8	-30	-33	0,975531	
8	-30	-33	1,16626	
8	0	33	5,2245	
8	-1,42109e-014	-33	5,2718	
8	26	0	32,6331	
12	26	0	26,2611	
12	-4,18112e-015	-26	5,18096	
12	-26	0	5,94828	
8	-26	0	5,94597	
-8	-26	0	5,91158	
-12	-26	0	5,94762	
-12	1,83165e-014	-26	5,64211	
-12	26	0	26,3657	
-8	26	0	32,4453	
0	26	0	40,6467	
-12	-4,18112e-015	26	5,05085	
12	-4,18112e-015	26	5,39294	
-8	0	33	4,94099	
0	0	41	5,25172	
0	0	-41	5,27602	
-8	-1,42109e-014	-33	5,22967	
0	177,126	8,34252	19,2885	
0	170,808	15,6871	22,084	
0	160,304	19,0474	27,5607	
12	176,525	7,1363	21,7232	
12	170,088	14,9078	18,7592	
12	156,811	17,7152	28,74	
12	147,855	13,2849	37,6245	
12	143,41	6,98338	33,4675	
8	142,407	5,2147	45,5394	
-8	142,691	6,09216	49,7214	
-12	176,525	7,1363	21,8963	
-12	170,129	14,8797	18,9298	
-12	156,955	17,7405	29,3976	
-12	148,031	13,4441	40,2852	
-12	143,921	8,09105	34,8822	
8	142,633	-5,92578	44,4506	
12	143,637	-7,5	34,9096	
12	147,16	-12,6153	41,5859	
12	157,235	-17,7864	28,5909	
12	169,401	-15,3497	18,8024	
12	176,525	-7,1363	21,7084	
0	176,542	-9,44819	18,5312	
0	169,68	-16,4073	21,7941	
0	159,864	-19,0494	27,2689	
12	150,338	-5,2571	43,1945	
12	152,679	-8,21006	46,1544	
12	162,439	-10,7262	31,363	
12	162,439	10,7262	30,7544	
12	154,025	9,23572	43,8307	
12	150,338	5,2571	41,449	
0	138,353	10,5613	72,4531	
8	136,71	9,50846	79,6023	
8	145,755	12,65	49,7864	
-12	143,637	-7,5	35,0159	
-12	147,16	-12,6153	41,9337	
-12	157,235	-17,7864	29,2165	
-12	169,401	-15,3497	18,6431	
-12	176,525	-7,1363	21,6168	
-8	142,802	-6,39849	44,7999	
-12	162,797	10,6384	31,0253	
-12	156,324	10,3676	42,8215	
-12	151,016	6,34681	42,166	
-12	150,338	-5,2571	43,6692	
-12	152,679	-8,21006	48,1522	
-12	162,439	-10,7262	31,064	
-8	135,173	9,28267	83,6304	
-8	144,485	12,0009	53,1879	
8	144,398	-11,9594	52,2385	
8	136,416	-9,45885	79,1156	
0	139,025	-10,7301	73,0629	
12	27,936	7,78322	25,1728	
12	25,5391	13,7388	18,1619	
12	19,986	21,0134	8,79595	
12	12,2037	26,3072	5,473	
12	4,50876	28,6474	5,92376	
8	29,0345	7,83008	31,8345	
8	25,686	15,6378	22,1358	
8	19,5317	22,8654	6,89608	
8	10,099	28,3253	5,45939	
8	28,941	-8,16875	32,0189	
8	25,046	-16,6436	20,7944	
8	19,2771	-23,0804	6,71823	
8	12,2903	-27,4456	5,30622	
8	6,38569	-29,386	5,21913	
12	6,728	-28,2088	4,99414	
12	12,8005	-26,0221	4,55881	
12	18,6769	-22,1849	6,12714	
12	25,1877	-14,3729	18,3252	
12	28,4228	-5,75688	29,2859	
5,44325	24,1184	-38,8627	0,892123	
8	47,15	-15,6099	66,6823	
8	41,9503	-17,5496	45,3605	
8	34,4033	-22,4246	17,7046	
8	28,3555	-29,2113	4,96767	
0	36,6399	-21,5367	22,8393	
0	42,3327	-18,1434	46,8488	
0	48,5757	-15,9612	67,7576	
2,66229	25,7912	-34,8828	0,992543	
0	58,6324	-14,8043	89,1327	
0	63,387	-14,4718	89,2387	
0	67,456	-14,1873	89,9057	
0	71,4452	-13,9084	91,3579	
0	79,0249	-13,3783	94,3101	
0	83,2176	-13,0852	95,2621	
0	86,5249	-12,8539	96,5583	
0	90,7176	-12,5607	97,7626	
0	94,0249	-12,3294	98,136	
0	100,95	-11,8452	99,1245	
0	108,965	-11,2847	100,997	
0	115,073	-10,8576	103,213	
0	122,191	-10,3598	104,33	
8	58,2889	-14,1267	88,3487	
8	65,1398	-13,6477	89,627	
8	71,5249	-13,2012	91,2499	
8	79,0249	-12,6767	93,3643	
8	85,6397	-12,2142	95,1631	
8	91,4338	-11,809	96,9617	
8	101,525	-11,1034	99,4568	
8	107,067	-10,7158	101,244	
8	114,76	-10,1779	103,231	
8	124,091	-9,52537	104,051	
8	56,5249	14,2501	89,456	
8	63,4778	13,7639	89,0397	
8	71,7586	13,1848	89,649	
8	78,4948	12,7138	94,8722	
8	85,0925	12,2524	97,2191	
8	92,5925	11,728	96,8687	
8	100,471	11,1771	99,3129	
8	110,457	10,4788	100,911	
8	117,057	10,0173	101,541	
8	123,814	9,54476	105,406	
4,46861	53,9459	14,7401	89,1613	
0	59,3424	14,7547	89,1799	
0	63,706	14,4495	89,1736	
0	67,9006	14,1562	89,8447	
0	71,0971	13,9327	91,39	
0	78,7514	13,3975	94,5046	
0	82,9214	13,1059	95,4245	
0	86,8325	12,8324	96,8974	
0	90,7437	12,5589	97,5897	
0	96,6533	12,1456	98,5411	
0	101,157	11,8307	99,4291	
0	109,456	11,2504	101,222	
0	116,106	10,7854	103,333	
0	123,841	10,2445	104,559	
2,66229	25,7912	34,8828	0,949754	
0	36,1099	21,9383	21,0249	
0	43,1518	17,7745	48,4931	
0	49,0249	15,8566	71,926	
8	47,1169	15,6192	67,6319	
8	41,9192	17,5643	46,6857	
8	34,8223	22,0722	17,1932	
8	28,2352	29,3913	4,74611	
5,77609	24,1829	38,5351	0,932901	
6,07487	36,7541	-8,4715	37,3786	
6,14096	36,4716	2,60811	39,3722	
6,14673	36,457	-2,79777	39,0589	
6,21699	36,3038	7,33745	34,3672	
2,96854	123,394	5,36556	106,717	
4,05711	131,326	4,92565	86,8018	
2,89547	101,547	6,88555	99,1275	
2,89547	86,0823	7,96697	98,4766	
2,89547	78,9836	8,46336	96,3963	
2,89547	63,0209	9,57959	88,6225	
3,88297	45,2817	10,9241	65,7405	
3,3697	48,2687	10,6611	74,6679	
2,97299	52,3143	10,3364	81,1643	
8	130,632	5,38958	98,7836	
8	124,025	5,85159	106,612	
8	117,072	6,33778	102,508	
8	110,795	6,77668	100,785	
8	99,6296	7,55747	97,4377	
8	93,4882	7,98692	95,8271	
8	86,5249	8,47384	98,3562	
8	80,4573	8,89813	96,9001	
8	74,3897	9,32242	93,1839	
8	63,9604	10,0517	88,4019	
8	55,6657	10,6317	85,8933	
8	48,7144	11,1178	76,0994	
5,70022	137,715	-3,34523	49,1404	
5,85731	138,261	2,67636	48,459	
8	129,649	-5,45834	95,3457	
8	124,435	-5,8229	103,655	
8	116,525	-6,37604	104,137	
8	109,025	-6,90049	101,974	
8	101,525	-7,42494	99,8748	
8	94,0249	-7,94939	97,9889	
8	87,4102	-8,41194	96,0197	
8	80,7954	-8,87449	94,3158	
8	72,6556	-9,44368	92,198	
8	66,4124	-9,88024	90,4062	
8	58,1069	-10,461	87,175	
8	48,7655	-11,1142	74,6163	
3,91199	45,1403	-10,937	65,8182	
3,30285	48,7641	-10,6194	73,4401	
3,09596	50,6413	-10,4664	79,1379	
2,89547	116,747	-5,82268	105,265	
2,89547	112,332	-6,1314	103,152	
2,89547	108,784	-6,37954	101,691	
2,89547	105,718	-6,59394	100,675	
2,89547	102,102	-6,84674	99,9609	
2,89547	98,0414	-7,13071	99,0276	
2,89547	95,6542	-7,29764	98,3997	
2,89547	92,2232	-7,53756	97,7641	
2,89547	89,8412	-7,70413	97,4583	
2,89547	86,3051	-7,95139	96,6065	
2,89547	82,8016	-8,19638	96,0542	
2,89547	79,0249	-8,46047	94,7831	
2,89547	71,5249	-8,98493	92,2247	
2,89547	68,2808	-9,21178	90,87	
2,89547	64,9361	-9,44566	89,7139	
2,89547	60,9639	-9,72342	88,0797	
2,89547	57,7135	-9,95072	86,5643	
3,01243	124,103	-5,32063	104,148	
4,09072	131,476	-4,91866	87,5395	
-8	145,755	-12,65	50,9931	
-8	136,71	-9,50846	78,6612	
-8	29,0345	7,83008	31,5243	
-8	24,3454	17,6526	16,8137	
-8	18,7364	23,5215	5,46608	
-8	9,48189	28,5378	5,22385	
-12	27,9653	7,67751	24,9107	
-12	25,504	13,8039	16,7177	
-12	18,9506	21,9517	7,26321	
-12	11,8774	26,4562	5,26128	
-12	5,19834	28,5303	5,56276	
-12	5,49083	-28,4754	5,36624	
-12	11,5851	-26,5854	5,86562	
-12	18,2259	-22,557	6,42346	
-12	23,7007	-16,7116	17,191	
-12	28,0848	-7,22798	27,5981	
-8	29,4487	-6,08993	32,5366	
-8	27,1161	-13,0011	24,578	
-8	19,0249	-23,2887	7,18336	
-8	12,3444	-27,4213	5,9434	
-8	5,87572	-29,4922	5,37073	
-2,94595	26,1281	-34,0669	0,936764	
-4,14262	53,9478	-14,7686	86,0993	
-8	47,1169	-15,6192	66,8071	
-8	41,9192	-17,5643	46,382	
-8	34,4033	-22,4246	16,9659	
-8	28,6872	-28,7276	5,12051	
-5,77609	24,1829	-38,5351	0,897271	
-8	57,2982	-14,196	87,7935	
-8	64,0249	-13,7256	89,2323	
-8	72,5147	-13,132	92,6627	
-8	79,9102	-12,6148	95,3225	
-8	85,7442	-12,2069	97,0756	
-8	93,0475	-11,6962	96,7916	
-8	100,64	-11,1653	98,8502	
-8	112,228	-10,3549	102,083	
-8	117,385	-9,9943	103,448	
-8	123,814	-9,54476	105,214	
-8	58,3622	14,1216	88,471	
-8	64,4634	13,695	89,6844	
-8	71,0448	13,2347	92,1024	
-8	79,0249	12,6767	93,9013	
-8	85,0925	12,2524	95,8334	
-8	94,0249	11,6278	98,1244	
-8	100,978	11,1416	99,8091	
-8	106,865	10,7299	101,756	
-8	114,736	10,1795	103,898	
-8	124,396	9,50404	104,427	
-4,86356	24,0359	39,3518	0,893691	
-8	46,9067	15,6794	67,0418	
-8	39,556	18,7953	37,4193	
-8	33,839	22,9181	15,2085	
-8	28,5317	28,9522	3,94119	
-2,91413	26,0642	34,2126	1,07046	
-8	129,878	5,44233	98,6156	
-8	123,902	5,86019	104,275	
-8	116,769	6,35896	104,628	
-8	109,025	6,90049	102,546	
-8	101,525	7,42494	100,38	
-8	93,4778	7,98765	98,1437	
-8	88,36	8,34552	96,7953	
-8	80,1268	8,92124	94,8351	
-8	72,4345	9,45914	92,9683	
-8	64,0801	10,0433	90,3702	
-8	56,0961	10,6016	85,7444	
-8	49,7452	11,0457	76,3055	
-3,85142	45,4377	10,9098	64,6762	
-3,23418	49,318	10,5735	75,9622	
-3,00469	51,7996	10,3758	80,8554	
-2,89547	116,251	5,85735	105,598	
-2,89547	112,775	6,10044	103,644	
-2,89547	109,025	6,36267	102,311	
-2,89547	105,718	6,59394	101,244	
-2,89547	102,184	6,84104	99,9056	
-2,89547	98,7824	7,0789	99,2472	
-2,89547	95,2554	7,32553	98,5466	
-2,89547	91,9286	7,55816	98,306	
-2,89547	90,3956	7,66536	97,8007	
-2,89547	85,8087	7,9861	96,8313	
-2,89547	82,5014	8,21738	96,1566	
-2,89547	79,0249	8,46047	94,9845	
-2,89547	70,8933	9,0291	92,644	
-2,89547	68,2176	9,2162	91,1424	
-2,89547	64,7411	9,4593	89,8046	
-2,89547	59,9677	9,79309	88,5227	
-2,89547	57,1975	9,9868	87,274	
-3,0039	123,977	5,32852	104,798	
-4,39564	132,751	4,86162	82,7634	
-5,75168	137,896	3,14994	45,7363	
-5,70022	137,715	-3,34523	48,9168	
-2,99645	123,864	-5,33569	105,325	
-4,17595	131,848	-4,90163	84,1972	
-2,89547	116,484	-5,84106	105,325	
-2,89547	100,96	-6,92663	98,533	
-2,89547	86,1625	-7,96137	97,9782	
-2,89547	78,9086	-8,46861	95,9629	
-2,89547	70,4461	-9,06036	92,0854	
-2,89547	61,2631	-9,7025	88,5735	
-3,85992	45,3954	-10,9137	66,0142	
-3,2838	48,9127	-10,607	76,2552	
-2,96019	52,5518	-10,3185	82,4045	
-8	129,649	-5,45834	95,7256	
-8	124,689	-5,80517	104,817	
-8	117,193	-6,32934	104,921	
-8	110,775	-6,77809	101,849	
-8	99,6896	-7,55328	97,0613	
-8	93,9962	-7,9514	95,9173	
-8	87,07	-8,43573	98,3117	
-8	80,4573	-8,89813	96,5565	
-8	74,7278	-9,29878	94,1735	
-8	64,0249	-10,0472	89,065	
-8	55,1973	-10,6645	85,0127	
-8	49,2454	-11,0807	76,4156	
-6,16649	36,4625	-7,83082	37,0157	
-6,14096	36,4716	2,60811	39,3507	
-6,14096	36,4716	-2,60811	39,8801	
-6,21699	36,3038	7,33745	34,4226	
0	5,40283	-36,5	4,15092	
0	11,8729	-36,5	3,31201	
0	17,9031	-36,5	1,86707	
0	22,7749	-36,5	0,878828	
2,63275	22,7749	-32,0617	2,66734	
2,63275	18,1239	-32,0617	3,51733	
2,63275	12,3541	-32,0617	4,54374	
2,63275	5,3293	-32,0617	4,96773	
0	4,8937	-30,5	5,2398	
0	11,4439	-30,5	5,42013	
0	19,0249	-30,5	4,52887	
0	22,1743	-30,5	4,11026	
0	25,3236	-30,5	3,57835	
2,63275	22,3621	32,0617	2,84266	
2,63275	17,1156	32,0617	3,97479	
2,63275	9,81948	32,0617	4,60017	
2,63275	4,63412	32,0617	5,10912	
0	5,39204	36,5	4,20351	
0	12,9344	36,5	3,13591	
0	18,0578	36,5	1,83266	
0	22,5749	36,5	1,01453	
0	5,52809	30,5	5,55503	
0	10,4037	30,5	5,18375	
0	17,3828	30,5	4,81902	
0	21,8275	30,5	4,27826	
0	25,0901	30,5	3,37079	
5,37358	36,9452	-7,22594	41,6987	
5,31174	37,1057	2,6796	49,0982	
5,30626	37,12	-2,48456	48,3016	
5,40377	36,8674	6,94325	42,3147	
3,18693	44,1702	10,0082	62,3629	
2,43957	48,3846	9,64224	72,7832	
2,12669	51,4429	9,40036	80,6841	
2	115,311	4,92612	105,327	
2	109,397	5,33969	102,392	
2	94,0249	6,41462	98,298	
2	86,7785	6,92134	98,6707	
2	78,7514	7,48265	96,3343	
2	71,1604	8,01346	91,791	
2,10972	123,961	4,33728	105,569	
3,08295	131	3,95536	84,5192	
2,10378	123,87	-4,34288	105,134	
3,03588	130,775	-3,96592	85,913	
2	117,239	-4,79132	106,582	
2	113,198	-5,07393	104,53	
2	109,352	-5,34283	101,952	
2	104,832	-5,6589	101,113	
2	101,082	-5,92112	98,9865	
2	98,0162	-6,13552	98,3063	
2	93,6146	-6,44332	98,2017	
2	90,5485	-6,65772	98,8827	
2	87,7683	-6,85213	97,9418	
2	82,7749	-7,2013	97,0817	
2	78,5864	-7,49419	96,0465	
2	71,7129	-7,97483	93,0272	
2	69,8953	-8,10193	91,4145	
2	64,9682	-8,44646	89,9981	
2	61,3725	-8,6979	88,8882	
2	57,6977	-8,95487	87,0285	
3,15873	44,2981	-9,99654	61,2264	
2,52144	47,7978	-9,69091	72,664	
2,16021	51,0006	-9,43412	81,1609	
-2,63275	22,1403	-32,0617	2,63994	
-2,63275	17,7946	-32,0617	3,32987	
-2,63275	11,7785	-32,0617	4,42163	
-2,63275	6,20134	-32,0617	4,96617	
-2,63275	22,1599	32,0617	2,76713	
-2,63275	16,3736	32,0617	3,61225	
-2,63275	9,37838	32,0617	4,69207	
-2,63275	4,66887	32,0617	4,88366	
-2,05446	122,983	4,39856	106,012	
-3,22901	131,668	3,92468	81,8024	
-2	117,465	4,77557	106,977	
-2	112,775	5,10349	104,703	
-2	109,025	5,36572	102,642	
-2	105,001	5,64707	100,968	
-2	101,525	5,89017	99,0558	
-2	97,3323	6,18335	98,1138	
-2	94,0249	6,41462	98,9298	
-2	90,2749	6,67685	98,8733	
-2	88,1264	6,82709	97,6323	
-2	82,7749	7,2013	96,9543	
-2	79,0336	7,46292	95,7663	
-2	72,6214	7,9113	93,8805	
-2	69,4824	8,1308	91,872	
-2	64,7364	8,46268	89,7975	
-2	60,9135	8,73	89,2656	
-2	57,574	8,96352	88,2662	
-3,05731	44,7719	9,95359	63,7886	
-2,29543	49,5727	9,54594	75,9412	
-2,14517	51,1927	9,41941	81,264	
-3,09831	44,5777	-9,97114	62,6781	
-2,3583	49,0249	-9,58997	74,9563	
5,72829	57,8003	10,2431	88,3072	
-2	108,791	-5,38205	102,352	
-2	93,0536	-6,48254	98,1256	
-2	87,2411	-6,88899	98,5535	
-2	78,7514	-7,48265	96,9254	
-2,098	123,779	-4,34851	106,777	
-3,05199	130,853	-3,96227	85,0589	
-5,38016	36,9282	-7,17031	43,2395	
-5,30626	37,12	-2,48456	48,0231	
-5,31174	37,1057	2,6796	46,4768	
-5,40377	36,8674	6,94325	41,3322	
-4,3925	-30	31,1113	1,90091	
4,3925	-30	31,1113	2,02959	
-12	-28,1061	-7,14474	6,16864	
-12	-6,39466	-28,2862	5,60928	
-8	-21,7292	-20,7884	5,23466	
-8	-27,0767	-13,083	5,97937	
-8	-6,16517	29,433	5,14588	
-8	-21,5233	21,0015	5,14128	
-8	-28,1602	10,5506	5,83638	
-12	-6,31138	28,3049	5,26226	
-12	-28,0814	7,24128	5,83231	
8	-21,2223	-21,3056	5,01324	
8	-28,091	-10,7334	5,67719	
12	-28,1931	-6,79341	5,70579	
12	-5,68555	-28,4372	5,36489	
12	-6,12833	28,3451	5,37401	
12	-28,2352	6,61628	6,34548	
8	-5,9037	29,4866	5,3064	
8	-20,1826	22,293	5,03325	
8	-27,7467	11,5945	6,03077	
-3,51033	-24,3434	35,4177	1,63712	
-3,51033	-18,6008	35,4177	3,00058	
-3,51033	-11,2266	35,4177	4,27343	
-3,51033	-5,20382	35,4177	5,08563	
-7,34788e-016	-23,327	29,5	3,29791	
-7,34788e-016	-18,1095	29,5	4,26188	
-7,34788e-016	-4,45852	29,5	5,69966	
2,44929e-016	-23,2842	37,5	1,85543	
2,44929e-016	-17,5683	37,5	2,55747	
2,44929e-016	-10,7707	37,5	4,18207	
2,44929e-016	-6,07468	37,5	4,8122	
3,51033	-25,5513	35,4177	1,44022	
3,51033	-18,4751	35,4177	3,0221	
3,51033	-11,604	35,4177	4,22385	
3,51033	-4,73286	35,4177	4,95542	
3,42959	-30	-29,8616	2,30599	
-2,55092	-30	-37,8003	0,59064	
-4,30024	-30	-30,9489	2,19135	
3,51033	-25,1424	-35,4177	1,75083	
3,51033	-19,1404	-35,4177	2,77683	
3,51033	-12,7266	-35,4177	3,98388	
3,51033	-6,79009	-35,4177	4,80132	
-7,34788e-016	-24,1214	-29,5	3,29698	
-7,34788e-016	-18,6483	-29,5	4,13711	
-7,34788e-016	-5,6557	-29,5	5,31894	
2,44929e-016	-26,6892	-37,5	0,877182	
2,44929e-016	-19,0743	-37,5	2,3533	
2,44929e-016	-10,5714	-37,5	4,32371	
2,44929e-016	-5,44197	-37,5	4,80713	
-3,51033	-25,0114	-35,4177	1,48229	
-3,51033	-19,0651	-35,4177	3,11519	
-3,51033	-13,4787	-35,4177	3,98906	
-3,51033	-6,61969	-35,4177	4,74934	
5,65685	-30	38,6569	0,550238	
8	-30	30	2,48133	
8	-30	23,9854	4,32621	
-8	-30	30,3541	2,14897	
-8	-30	23,073	4,21009	
-6,43868	-30	37,748	0,619968	
-8	-33,8099	12,365	5,9271	
8	-33,2576	13,7817	6,02636	
8	-34,0876	-11,5772	5,89526	
-8	-33,1413	-14,0589	5,9457	
-5,32364	-30	-38,9715	0,41733	
-8	-30	-22,7932	4,68142	
-8	-30	-30	2,1273	
8	-30	-22,8219	4,41833	
8	-30	-30,2189	2,01574	
6,43868	-30	-37,748	0,610295	
8	-5,99065	33	4,97723	
8	-12,05	33	4,22664	
8	-18,1094	33	3,44948	
8	-24,2375	33	1,90983	
8	-4,19211	-33	4,94918	
8	-12,0384	-33	4,44495	
8	-18,8685	-33	3,3421	
8	-25,3192	-33	1,67185	
8	18,7905	-33	2,44908	
8	11,9463	-33	4,38916	
8	4,02493	-33	4,88953	
8	20,6542	33	2,28196	
8	12,564	33	4,27637	
8	5,82372	33	4,6601	
12	4,95569	-25,5233	5,25734	
12	16,3719	-20,198	5,09699	
12	23,223	-11,6916	21,935	
12	-23,135	-11,8648	6,53054	
12	-5,42094	-25,4286	5,06783	
0	-26	0	5,81464	
-12	-24,1704	-9,58089	6,14328	
-12	-5,31188	-25,4516	5,43508	
-12	5,00458	-25,5138	5,29777	
-12	13,0288	-22,5	5,56617	
-12	22,525	-12,9856	20,6098	
-12	22,525	12,9856	19,015	
-12	13,0288	22,5	5,00919	
-12	4,37035	25,6301	5,33931	
-12	-6,25801	25,2356	5,31372	
-12	-22,783	12,5275	6,25646	
12	-9,47869	24,2106	5,44034	
12	-24,0102	9,97551	5,93167	
12	22,8656	12,376	19,9798	
12	15,3354	20,9959	5,23107	
12	3,91802	25,7031	5,65477	
-8	20,3857	33	2,36624	
-8	11,5249	33	4,16267	
-8	4,31607	33	4,63406	
-8	-5,55043	33	4,90004	
-8	-10,6959	33	4,5012	
-8	-18,1036	33	3,50791	
-8	-24,1678	33	1,64901	
4,89859e-016	-5,08722	41	5,01071	
4,89859e-016	-11,7641	41	4,09709	
4,89859e-016	-18,1701	41	2,45102	
4,89859e-016	-24,8348	41	1,24319	
0	19,0249	41	0,866269	
0	13,2954	41	2,3953	
0	4,45931	41	4,52781	
0	18,7183	-41	0,998604	
0	11,5888	-41	2,74652	
0	5,82094	-41	4,39284	
4,89859e-016	-4,1818	-41	4,99197	
4,89859e-016	-11,3911	-41	4,35491	
4,89859e-016	-18,5561	-41	2,41353	
4,89859e-016	-25,1063	-41	0,918065	
-8	-5,33901	-33	4,92167	
-8	-12,2643	-33	4,23955	
-8	-18,4751	-33	3,21339	
-8	-25,4633	-33	1,61728	
-8	18,7338	-33	2,81494	
-8	12,4937	-33	4,43761	
-8	5,76246	-33	4,68523	
12	147,155	-6,25	36,2113	
12	145,893	-0,106344	25,6709	
12	146,866	5,88197	31,5369	
-12	147,155	6,5	31,2558	
-12	145,761	-0,0970203	27,3723	
-12	146,793	-6,44537	32,7693	
0	160,53	-10,9872	44,6907	
-0,0168591	153,903	-9,15566	51,6948	
-7	154,35	-9,43797	47,1388	
-6,36964	151,008	-6,33649	49,882	
-0,0486487	151,755	-7,28138	50,9176	
6,36517	151,008	-6,33649	49,3301	
7	154,35	-9,43797	42,5443	
0,0407186	160,53	10,9872	44,6201	
0,047158	154,225	9,36181	51,7953	
-6,5	154,54	9,54932	43,5649	
-6,33566	151,008	6,33649	49,4838	
0,0470814	151,807	7,33964	51,4391	
7,08165	151,63	7,13722	49,7893	
7,8541	154,421	9,48011	50,5175	
2,54839	24,751	-37,6604	0,880855	
4,00685	29,3312	-28,4257	5,23876	
2,93651	48,179	-15,7941	68,2513	
4,04127	57,5185	-14,5278	88,6991	
3,8656	61,1351	-14,2903	88,8543	
5,90863	59,7823	-14,2057	88,5589	
2,49178	63,3737	-14,2542	89,3213	
3,13432	67,7651	-13,8908	90,2151	
6,43799	67,776	-13,6003	90,4257	
2,70821	71,2413	-13,6851	91,1502	
5,57174	81,8112	-12,6948	94,1976	
3,06857	83,0493	-12,8278	94,7703	
2,92451	79,1226	-13,115	93,7866	
3,10073	86,1171	-12,6105	96,0098	
5,90659	88,7407	-12,1809	96,2233	
3,31861	90,1991	-12,3059	96,833	
3,86903	94,6319	-11,9477	98,1546	
4,04578	56,4332	14,6033	88,2066	
2,55884	24,9333	37,1178	0,932423	
4,64646	28,9727	28,8314	4,97328	
3,59767	48,2872	15,7075	71,3143	
5,51096	120,154	5,86001	106,022	
-3,20832	133,968	-9,58313	92,3735	
6,50111	44,9896	11,2204	66,2028	
5,00099	121,221	-5,73165	105,249	
6,30964	113,01	-6,44374	103,808	
6,24902	105,655	-6,95166	101,034	
5,60895	97,977	-7,42111	98,9539	
4,49328	90,6892	-7,81318	96,945	
5,71901	88,8487	-8,07102	96,5938	
6,04017	84,5688	-8,40414	95,4173	
5,70271	69,3618	-9,43196	91,4666	
5,44774	61,594	-9,94827	89,3334	
5,32495	53,5957	-10,4946	82,4109	
6,3533	44,9069	-11,2106	65,6927	
-2,34248	24,9016	-37,2676	0,767733	
-4,65973	28,9448	-28,8691	5,45042	
-3,44358	48,0783	-15,7738	70,3506	
-4,666	56,8992	-14,5163	87,8675	
-3,54204	57,9102	14,5442	88,9633	
-4,08438	61,2841	14,2607	88,8402	
-2,90007	64,0971	14,1678	89,5333	
-3,14144	67,8011	13,8877	90,5922	
-3,30499	71,2408	13,6328	91,6244	
-3,07705	82,3542	12,8757	94,9328	
-3,18194	78,441	13,1401	94,0427	
-6,02511	81,3418	12,6879	94,5331	
-2,94424	85,9767	12,634	96,3308	
-3,24765	90,6887	12,2779	97,4154	
-4,36568	94,5056	11,9129	98,5505	
-5,6222	89,334	12,1644	97,1221	
-5,6827	66,4815	13,7571	90,7474	
-6,12437	60,3194	14,1492	88,7603	
-2,10119	24,7787	37,7016	0,847014	
-4,57497	28,8111	29,0746	4,56032	
-2,80766	50,4879	15,312	76,8206	
-5,1485	69,5829	9,3581	92,3336	
-6,07213	44,4117	11,2156	64,8781	
4,11326	134,127	-9,51687	90,9884	
-5,74573	61,1261	10,0124	88,9203	
-5,64591	83,92	8,40796	95,9803	
-5,83876	90,2487	7,98574	97,2602	
-5,60895	97,9348	7,42406	99,2535	
-6,24786	105,8	6,94139	101,672	
-6,25527	113,155	6,42787	104,561	
-5,1076	120,879	5,7668	105,206	
-5,15534	120,861	-5,77309	106,837	
-4,24909	15,1311	-39,7783	2,63727	
-6,35503	44,9042	-11,2109	65,7981	
2,91344	22,4998	-34,2155	1,39308	
2,82436	22,3778	34,5114	1,4784	
5,45712	38,8613	-10,6001	45,2034	
4,89793	38,2252	-9,17721	46,0142	
5,71505	37,9495	9,96357	43,0316	
5,02596	37,8699	8,83037	45,3234	
2,89547	82,7749	8,19825	97,7482	
2	82,7749	7,2013	97,6504	
2,89547	89,8323	7,70475	97,8563	
2	89,7663	6,71242	98,6704	
4,27586	94,5448	11,9181	97,2317	
3,91069	89,6233	12,2943	97,6112	
3,34912	86,1573	12,5859	96,8751	
0	75,2749	13,6406	92,8267	
2,89547	75,1691	8,7301	95,3817	
2	75,6853	7,69706	94,9602	
3,26038	78,7158	13,114	94,6442	
2,89915	75,2986	13,3846	92,2159	
4,28221	70,6697	13,587	89,7792	
6,43799	75,2657	13,0766	91,303	
5,56031	76,9385	8,88714	96,8927	
2,94084	82,682	12,8647	95,5966	
5,92055	81,5098	12,6853	95,7123	
5,67376	84,064	8,40083	97,8695	
5,30432	88,4456	12,2544	97,9139	
5,74573	89,0581	8,05919	98,4377	
3,33437	127,263	5,13358	102,381	
3,80505	130,117	4,98362	94,2999	
2,47163	127,501	4,132	98,4417	
6,31039	128,189	5,38237	101,762	
3,30161	127,015	-5,14746	101,268	
3,72851	129,716	-5,00356	95,7277	
2,45986	127,416	-4,13665	96,9869	
6,51142	127,838	-5,4281	99,9697	
0	75,2749	-13,6406	92,736	
2,89547	75,7176	-8,69175	93,6434	
2	75,3097	-7,72332	93,7365	
5,60614	73,5366	-13,2704	91,8937	
3,52767	75,5118	-13,3146	92,2897	
5,65026	76,3689	-8,93645	93,2947	
-2,63261	22,5268	-34,9385	1,17115	
-2,63348	21,8887	34,9369	1,48826	
-3,21015	126,264	5,19037	101,743	
-3,80649	130,124	4,98325	93,7027	
-2,35555	126,602	4,18163	99,5877	
-6,15539	128,065	5,37473	100,652	
-2,89547	75,2749	8,7227	93,968	
-2	75,3401	7,72119	94,8468	
-3,13432	75,3937	13,3574	92,718	
-5,82367	74,2866	13,1989	92,7363	
-5,14925	77,0394	8,83678	94,0853	
-2	82,4814	-7,22182	97,8138	
-2,89547	82,4818	-8,21874	97,5508	
-2	90,6029	-6,65391	99,4666	
-2,89547	90,0183	-7,69174	98,2518	
-2,52199	-16,3342	-20,2285	5,63272	
-3,3175	94,7603	-11,9871	97,979	
-2,95092	89,9867	-12,353	97,4905	
-3,47967	86,4585	-12,5534	96,723	
-2,89547	75,466	-8,70934	95,6469	
-2	75,2749	-7,72575	95,2823	
-3,23399	79,2045	-13,0821	94,3699	
-3,13432	75,1768	-13,3725	93,3434	
-4,04399	71,156	-13,5739	91,4977	
-6,39162	75,1294	-13,0902	93,2439	
-5,57245	77,0654	-8,87955	95,542	
-3,08517	82,8906	-12,8374	95,4432	
-5,42367	81,1522	-12,7539	95,7487	
-5,90038	84,2191	-8,41386	97,4665	
-5,61637	90,2633	-12,0999	97,6668	
-6,32566	88,9673	-8,12665	98,3108	
-3,29912	126,996	-5,14854	101,963	
-3,67643	129,433	-5,01789	96,0888	
-2,51024	127,775	-4,11724	96,8094	
-6,50548	128,074	-5,41101	100,551	
-5,51744	38,6436	-10,4729	46,6032	
-4,98159	37,9921	-8,9587	45,8415	
-5,75072	37,8272	9,85424	42,4748	
-5,02596	37,8699	8,83037	44,2057	
4,10151	40,6566	8,01914	51,4506	
4,09882	40,6655	4,48928	54,0791	
4,2277	40,2417	-0,0666395	55,6545	
4,16709	40,4394	-4,47751	54,1295	
3,90741	41,3214	-8,2709	51,7237	
2,37595	48,8801	0,13048	69,6451	
2	78,643	-3,6559	97,0421	
2	75,2122	-4,75	95,1375	
2	75,4286	-0,0278677	95,8734	
2	71,4011	0,674627	94,7588	
2	70,9816	-3,12184	93,9534	
2	63,6172	0,429956	90,6474	
2	74,8334	4,22108	95,8997	
2	69,4373	4,44386	93,2028	
2	79,6794	4,20241	97,1944	
2	83,7341	3,05578	98,2846	
2	87,2927	3,87448	99,3842	
2	90,2626	4,25347	100,115	
2	94,1447	3,27064	99,3266	
2	100,729	-0,242692	97,3983	
2	93,4391	-0,166977	99,5728	
2	94,1254	-2,75558	98,8337	
2	89,8906	1,49936	100,13	
2	90,5198	-2,87665	99,487	
2	86,4447	-3,28325	98,6981	
2	86,761	-0,0210186	99,0439	
2	83,7719	-0,389648	98,3359	
2	82,5389	-3,78251	98,0181	
2	98,2759	-3,25736	97,7657	
2	102,793	-3,06755	98,8059	
2	106,068	-1,67983	102,45	
2	108,438	0,348964	105,474	
2	109,533	-3,01782	104,175	
2	105,511	0,104352	101,386	
2	113,437	-2,46402	105,808	
2	116,441	-1,26171	108,011	
2	111,132	-0,181873	106,005	
2	97,43	0,0907344	97,8003	
2	79,4181	0,319634	97,3032	
4,1019	134,995	0,409619	53,7983	
3,4814	132,731	0,228664	67,3447	
2,94165	130,308	0,619197	83,3859	
2,45089	127,35	-1,10667	94,2427	
2,1349	124,32	0,503827	106,786	
-2,08704	123,599	0,684542	108,737	
-2,94614	130,331	0,496869	82,8322	
-2,48086	127,568	-1,1786	94,1695	
-3,50492	132,825	0,163502	67,127	
-4,16794	135,214	0,0291801	53,3235	
-2	112,721	3,27779	105,233	
-2	109,025	3,75	103,771	
-2	105,257	2,47036	100,128	
-2	101,575	2,81017	98,2229	
-2	98,393	3,9786	98,0467	
-2	93,2749	2,78292	99,1826	
-2	90,2889	3,64943	99,1778	
-2	87,5226	4,10872	98,3004	
-2	84,0365	3,77584	98,1727	
-2	79,7685	4,30576	97,0518	
-2	75,5465	4,06597	96,0351	
-2	75,1705	0,17086	96,7503	
-2	71,7419	3,51393	94,9754	
-2	71,379	-0,185823	94,6579	
-2	64,0249	0	91,1819	
-2	78,1558	-3,48649	97,9022	
-2	75,0389	-3,89462	98,1022	
-2	83,8073	-0,484127	98,4061	
-2	82,6003	-3,78337	98,2384	
-2	79,2387	0,11739	97,4432	
-2	86,4265	-3,68539	98,8915	
-2	90,5289	0,46597	99,3844	
-2	91,1152	-3,94805	99,9455	
-2	86,8997	0,0219002	98,8582	
-2	95,4738	-3,09944	98,7369	
-2	102,127	-0,84839	97,3853	
-2	93,7514	-0,549968	100,037	
-2	109,106	-0,676325	106,738	
-2	116,926	0,472132	107,506	
-2	72,1569	-3,41033	94,5949	
-2	98,016	-0,854099	97,406	
-2	105,833	-0,868238	101,945	
-2	111,931	-0,0378701	106,027	
-2,28824	49,639	7,83737	75,5156	
-2,49259	47,9988	-0,0202439	71,0909	
-4,13125	40,5576	-8,04253	51,6417	
-4,04622	40,8425	-0,729345	56,7394	
-3,964	41,124	-4,63593	54,2267	
-4,16582	40,4435	7,79529	50,6067	
-4,24923	40,1722	4,17277	52,2654	
-8	-14,3005	26,4539	5,19676	
-12	-13,6768	25,5724	5,46282	
-12	-22,6595	18,0982	5,70528	
0	-10,9751	29,5	5,02949	
-12	-16,8342	19,8144	5,51424	
12	-12,6838	26,0791	5,58883	
12	-21,7359	19,1977	5,4378	
8	-11,5777	27,7538	5,25353	
12	-15,5013	20,8736	5,79176	
8	-12,2697	-27,4548	5,10039	
12	-22,5285	-18,2611	5,80274	
12	-13,8145	-25,4982	5,20608	
-7,34788e-016	-11,928	-29,5	4,82053	
12	-15,5769	-20,8173	5,61673	
-12	-23,095	-17,5391	5,74415	
-12	-13,856	-25,4757	5,04118	
-8	-12,3105	-27,4365	5,03488	
-12	-16,031	-20,4697	5,80366	
-0,0897377	-30	23,3541	4,72147	
-0,824037	-35,4994	5,9828	5,77804	
-0,854805	-35,3273	-6,92685	5,66185	
-0,571175	-30	-24,2639	4,17282	
8	-17,3651	28,8831	4,43452	
8	-22,9248	29,1334	3,07398	
8	-24,9014	23,9325	4,11481	
8	20,6232	29,1148	4,00752	
8	25,9442	23,4911	11,2309	
8	34,3833	14,9179	32,9518	
8	34,2617	8,87607	32,6433	
8	41,4544	-14,4231	48,9994	
8	35,2285	-13,8895	33,4921	
8	26,8768	-23,0674	10,7557	
8	19,8816	-28,6166	3,99216	
8	-18,4576	-29,6938	4,44428	
8	-23,6254	-27,8924	3,03	
8	-25,9751	-22,5	4,17991	
8	41,7149	14,7042	49,9256	
8	138,899	-4,7956	55,0863	
8	138,967	4,88197	58,3994	
0,00885655	22,3267	-13,3237	20,5233	
-6,04281	20,1577	-16,4216	14,1833	
-6,02787	13,5218	-22,2072	5,87994	
0,15032	14,7193	-21,4322	5,40326	
-7,36397	5,52769	-25,4056	5,58637	
-0,288105	5,16341	-25,4821	5,40267	
1,85681	-3,09783	-25,8148	5,38012	
-6,39365	-5,83321	-25,3372	5,35233	
-0,341169	-10,6639	-23,7125	5,25429	
-6,25377	-14,7613	-21,4033	5,4593	
-8,65428	-20,4801	-16,0177	5,63583	
-4,04498	-20,8026	-15,5965	5,58024	
6,32051	-22,6413	-12,7817	5,76831	
4,638	-14,858	-21,3363	5,24843	
7,10693	-6,55893	-25,1591	5,25759	
5,90526	2,7117	-25,8582	5,33835	
6,93179	12,0574	-23,0352	5,3785	
6,62724	20,3656	-16,163	12,4944	
0,0326283	22,4057	13,1903	21,1504	
-5,74919	20,5839	15,8841	12,6975	
-6,64501	14,9761	21,2536	4,87445	
0	11,5249	23,3061	5,50328	
-5,61251	4,67536	25,5762	5,4892	
0,275977	4,74288	25,5637	5,75565	
0,5	-3,32503	25,7865	5,39821	
-6,7991	-7,24251	24,9709	5,27563	
0,689293	-13,3166	22,3309	5,32527	
-3,61381	-16,7407	19,8934	5,26359	
-5,849	-22,4499	13,115	5,74611	
3,34716	-23,1149	11,9038	5,81744	
7,4981	-19,891	16,7436	5,45644	
6,6459	-13,2665	22,3607	5,54588	
7,62771	-5,47886	25,4162	5,45893	
6,00973	4,62537	25,5853	5,67023	
5,83296	14,6651	21,4694	5,09229	
7,15832	20,9226	15,4351	14,4303	
-7,45392	21,8966	35,905	1,00268	
-5,77526	18,9829	38,5359	1,68119	
-6,61438	11,5249	37,5	3,58511	
-4,59327	2,08876	39,55	4,66566	
-5,23613	-16,7886	39,0484	3,05014	
-4,82792	-23,082	39,379	1,4391	
-6,00791	-9,97648	38,2825	4,47475	
-7,05079	-2,3938	36,7797	5,09685	
-7,54687	22,2702	-35,6542	0,998395	
-7,19737	17,3169	-36,4925	2,23819	
-6,60577	11,1843	-37,5126	4,03872	
-6,00173	4,08372	-38,2895	4,51824	
-5,2139	-4,15651	-39,0676	5,01	
-6,05549	-11,6975	-38,2279	4,02402	
-7,12342	-18,5058	-36,641	2,74268	
-6,45921	-24,9771	-37,72	1,0186	
5,97531	17,1192	38,3194	2,29287	
5,95915	-11,9085	38,3375	3,97813	
6,48204	-19,2869	37,6886	2,37151	
6,69234	-25,677	37,3832	1,08541	
5,14508	-3,53502	39,126	5,06729	
6,20348	5,87903	38,0514	4,49994	
6,67393	12,5249	37,4112	3,69726	
7,45865	21,8001	-35,8929	0,927946	
5,95318	17,946	-38,3441	1,85403	
7,3926	11,9311	-36,0577	3,62338	
5,29544	3,64533	-38,9965	4,50157	
7,30101	-3,11143	-36,2704	5,02815	
5,55592	-13,0406	-38,756	3,77365	
5,83207	-19,9411	-38,476	2,18255	
4,82651	-24,4873	-39,38	1,1752	
-8	20,9598	28,0311	3,75209	
-8	-17,6816	29	4,39246	
-8	-22,7247	29,2223	2,9917	
-8	-26,1803	23,5609	4,03389	
-8	25,8784	23,0712	9,77652	
-8	33,6888	14,8559	33,4531	
-8	34,2836	8,91339	33,145	
-8	41,4795	-14,4775	48,9295	
-8	34,6146	-13,7467	33,912	
-8	26,7806	-22,7169	12,9615	
-8	18,9164	-29,0448	4,67304	
-8	-18,1515	-28,714	4,14803	
-8	-24,8292	-29,4369	2,46572	
-8	-25,357	-22,9927	4,31513	
-8	41,1545	15,3155	46,8163	
-8	139,047	4,86293	52,9576	
-8	139,104	-5,20842	52,9513	
12	-26,4679	11,8512	5,6575	
-12	-25,8884	-2,40619	6,11553	
9,55973	-24,8166	7,75481	6,5812	
2	59,0909	8,85745	89,712	
-8	23,0786	-30,06	3,58906	
-3,40009	44,8505	16,7756	57,9008	
12	168,3	-7,21893	18,6667	
12	168,3	7,21893	18,6734	
-12	168,3	7,21893	18,973	
-12	168,3	-7,21893	18,5658	
0	168,232	-7,29589	20,4167	
0,0182637	168,329	7,18575	20,9661	
